cam_12 7 1 1
cam_12 47 2 1
cam_12 47 2 1
cam_12 49 2 1
cam_12 53 2 1
cam_12 53 1 1
cam_12 58 1 1
cam_12 62 2 1
cam_12 63 2 1
cam_12 64 2 1
cam_12 86 1 1
cam_12 88 2 1
cam_12 89 1 1
cam_12 92 2 1
cam_12 98 2 1
cam_12 100 2 1
cam_12 112 2 1
cam_12 113 2 1
cam_12 118 2 1
cam_12 118 1 1
cam_12 122 2 1
cam_12 122 1 1
cam_12 127 2 1
cam_12 145 2 1
cam_12 148 2 1
cam_12 148 2 1
cam_12 49 2 2
cam_12 55 2 2
cam_12 55 1 2
cam_12 56 1 2
cam_12 56 2 2
cam_12 59 1 2
cam_12 62 2 2
cam_12 62 1 2
cam_12 65 2 2
cam_12 79 1 2
cam_12 79 1 2
cam_12 82 2 2
cam_12 91 1 2
cam_12 92 1 2
cam_12 94 2 2
cam_12 103 2 2
cam_12 110 2 2
cam_12 112 2 2
cam_12 118 1 2
cam_12 119 1 2
cam_12 119 2 2
cam_12 134 1 2
cam_12 143 2 2
cam_12 148 2 2
cam_12 150 2 2
